45696
18719
12852
53110
7830
41867
42933
7910
14057
16171
7333
55747
52908
52583
42760
21587
61145
17382
1592
26627
49410
23749
55782
17888
52932
36935
54528
36629
34956
61999
56469
17288
10321
10692
34062
24105
18685
801
42071
42515
32384
32353
9545
12668
65173
28356
4891
54807
62468
39948
2582
45038
28389
23719
10316
36457
27083
64184
64828
25892
65092
8714
17645
26074
26857
36072
55790
41030
48819
10879
54375
34401
24676
52889
21227
32150
3678
59664
44726
23070
38043
54979
38929
51037
1288
42776
46044
57542
23360
994
12250
43256
49414
40578
29641
21105
58406
47153
41128
1283
23956
11555
12570
44752
56397
48788
29896
40421
64943
5981
12387
55886
44537
23900
48019
9788
57287
49219
4325
62623
64964
53339
26926
48370
57305
62950
57055
42675
18912
57335
56738
20211
9953
28812
43748
16423
15891
36650
27512
54996
1959
27626
46302
40598
25621
26290
60672
30934
12880
53694
42152
883
21847
47050
22249
2088
31047
17724
56680
12097
30823
19765
48604
38986
23389
65355
46110
21335
41325
25980
29755
23525
26672
54138
13563
44431
41590
32156
48186
14486
23869
58908
11906
60285
62867
26516
2540
9578
35635
37907
27791
50452
12282
25723
63487
40987
44130
52506
26805
39132
55973
32290
57666
17206
54878
43420
14483
13853
41519
10337
34863
52680
39472
21886
11800
27538
36069
18068
21769
47937
47029
33109
28885
25506
2882
3555
31329
57500
509
27622
53966
20767
17498
57699
48888
25085
13251
15879
18027
29200
62686
12583
50017
47709
31849
58151
42621
63496
38087
39366
22741
31987
32501
49432
62591
63489
15563
65019
58898
61032
22024
45547
52342
7641
62001
6241
58955
37390
61649
27369
37153
33228
38046
3942
17779
19883
50786
3083
48735
43154
42746
59904
48238
54403
28160
60275
58110
26886
37248
24514
22249
41153
9285
53434
65095
11378
51349
25423
64505
57439
42540
48179
24852
49377
30983
62043
10672
24880
5227
1635
48434
48935
63426
10911
4930
46519
49834
7244
49497
22635
14371
24463
63624
33490
61303
23896
31510
14694
63855
61603
56537
9347
25353
42998
47952
5047
12580
60536
47764
40533
56384
62014
58708
18402
29981
8508
61409
6677
1121
58413
58266
7403
52681
5901
59498
3569
23418
51525
30874
60585
26082
38212
63265
33077
12423
22442
50549
44587
624
49113
59995
52526
16807
47893
43840
20964
2814
36444
9152
42473
4618
2582
40755
30060
12112
23077
58604
11488
23651
52371
42263
3841
25857
34240
4281
19923
18952
33417
26275
54063
3278
52147
55430
44092
16390
10841
51631
16694
35976
38690
44038
63043
9434
40523
64110
29977
36831
58613
18775
34834
64147
16635
39434
6258
28556
36990
64122
59617
35468
55514
42342
3442
62342
39625
58472
53554
43265
43787
45770
47531
49735
61443
52053
6143
18481
56877
22736
10377
21596
27326
55018
6889
11221
60903
60368
38807
12459
22766
45186
62352
36617
32839
17050
24828
35642
37593
52399
4786
30736
15943
56909
41666
7532
18551
53397
42945
50805
26885
42121
29664
13286
1500
51939
37370
16758
50572
22095
61964
31651
5050
26485
30265
3529
8496
4443
62932
3301
17685
23532
64277
64286
8411
29879
50313
36866
30633
2749
6906
2793
17881
29915
43504
7505
34993
49547
62031
27490
4853
34471
64969
42647
17405
1744
28133
58048
1271
35820
48033
19921
57231
8738
50216
20509
41432
55150
32126
2606
59949
27039
45544
30857
14913
45446
23645
24988
12187
58943
2474
53307
6429
468
62346
51772
63854
36906
17098
20712
50522
9635
34378
31892
16301
47947
23536
47012
43555
34286
4464
7270
53422
19373
37532
46562
62003
13102
58555
41842
13287
61561
10181
47732
41721
43099
14890
26262
3994
62342
42962
63643
3262
55761
9116
58121
9629
8931
62061
15498
29961
57331
4451
16042
36771
63691
36088
60913
30937
57546
9910
2973
49086
28124
41108
23148
1166
22261
35599
60593
60942
53400
25367
748
59270
30634
59879
11593
2244
38006
36954
12412
63948
17566
23665
15553
61438
18961
1970
34296
33378
51723
2861
17027
49950
55613
38794
40326
3332
9273
61312
44380
18830
42257
32620
512
9826
11063
16292
46503
3377
31013
14064
64922
34363
3748
14764
18287
37091
65177
38487
51287
1749
48839
13403
44706
10694
65196
37847
39491
27061
47941
5905
44257
26184
59367
26330
1646
20899
49973
39959
21927
39441
57905
2216
52494
2626
60790
2817
10933
6739
15689
47179
1132
44511
58210
27380
30724
61995
11391
23981
4449
64066
21350
34560
56258
23297
37282
26146
27024
44427
13322
33005
15356
4381
4232
64252
33452
38010
7018
6424
10499
45283
50078
16592
41833
35757
49721
17480
53441
42344
45405
42112
33774
38306
50374
8857
13425
54602
37284
6466
52453
53152
55206
60642
18302
10000
35149
37163
36230
32702
61672
63544
64378
10863
16754
59392
45614
44724
23052
33127
626
45106
10054
61002
24164
49207
14869
35989
15881
57010
45171
16629
52836
17663
60017
51042
26406
23831
14175
8187
3462
53690
21649
1575
30497
33736
25033
34007
24610
65162
43367
42816
49327
7371
2974
20427
47304
53980
65329
57729
29707
8954
24325
33078
61917
51628
50487
50474
32522
6978
6634
6775
52749
19072
34923
33038
22303
5990
155
28718
62226
60344
14094
20424
16520
11760
9272
28108
11196
4861
60625
19227
4885
14145
62213
35007
16206
37093
21518
17898
21074
60408
65513
59318
38282
42262
54281
46938
44024
5407
3485
37060
45061
28806
5988
46100
38141
23247
12638
18274
15008
15267
61744
60600
51871
25150
53285
8593
5694
7798
19010
43754
62006
22634
53432
49561
18962
35086
35768
53407
28613
47828
39949
36921
14616
58069
61145
61316
53372
11253
27867
18733
53928
63369
13750
43168
54192
25961
65121
43631
46618
12549
37695
42662
12791
58881
57751
7315
27390
44306
62630
44920
49006
52773
40823
47381
57436
5866
29007
31709
27481
31044
22025
10653
24310
52271
24994
15994
60576
50997
44362
31078
64393
15724
32889
1400
40921
46290
55351
6241
24450
43641
34317
27753
14564
55075
54663
64970
28586
21316
56968
26225
28485
35043
19157
3635
61880
62951
31155
17061
47561
7743
9300
42827
53965
64262
13403
28465
33565
16146
39494
31191
6728
473
1885
59846
65116
39938
23754
43185
58751
38255
64400
48701
59342
36656
28109
31171
572
46319
56535
28316
